dataset: 'scan'
scene:
  radius: 5
  depth_scale: 1000.0
 
cam:
  H: 480
  W: 640
  fx: 577.590698
  fy: 578.729797
  cx: 318.905426
  cy: 242.683609
  image_scale: 1
  crop_edge: 0
  